Rings that have no extensions where discriminant does not contain a prime with power one

339 extensions among 16*16*16*16 (that's roughly 5^2 + 8^2 + 16^2)

[ 1 , 0 , 1 , 0 ],
[ 2 , 0 , 1 , 0 ],
[ 0 , 1 , 1 , 0 ],
[ 2 , 2 , 1 , 0 ],
[ 3 , 2 , 1 , 0 ],
[ 0 , 1 , 3 , 2 ],
[ 2 , 4 , 1 , 0 ],
[ 5 , 4 , 1 , 0 ],
[ 6 , 4 , 1 , 0 ],
[ 0 , 1 , 5 , 6 ],
[ 7 , 6 , 1 , 0 ],
[ 10 , 6 , 1 , 0 ],
[ 11 , 6 , 1 , 0 ],
[ 0 , 1 , 7 , 12 ],
[ 14 , 8 , 1 , 0 ],
[ 1 , 0 , 0 , 2 ],
[ 3 , 0 , 0 , 1 ],
[ 1 , 0 , 0 , 5 ],
[ 1 , 0 , 0 , 6 ],
[ 1 , 0 , 0 , 7 ],
[ 1 , 0 , 0 , 11 ],
[ 1 , 0 , 0 , 13 ],
[ 14 , 0 , 0 , 1 ],
[ 1 , 0 , 0 , 15 ],
[ 0 , 1 , 0 , 1 ],
[ 1 , 0 , 3 , 2 ],
[ 10 , 15 , 0 , 1 ],
[ 1 , 1 , 8 , 6 ],
[ 1 , 1 , 10 , 14 ],
[ 1 , 2 , 3 , 4 ],
[ 1 , 2 , 5 , 6 ],
[ 1 , 2 , 9 , 2 ],
[ 1 , 3 , 0 , 2 ],
[ 1 , 3 , 3 , 3 ],
[ 4 , 3 , 3 , 1 ],
[ 1 , 3 , 3 , 6 ],
[ 1 , 3 , 3 , 7 ],
[ 1 , 3 , 3 , 8 ],
[ 1 , 3 , 3 , 12 ],
[ 1 , 3 , 3 , 14 ],
[ 15 , 3 , 3 , 1 ],
[ 2 , 4 , 3 , 1 ],
[ 1 , 3 , 6 , 2 ],
[ 1 , 3 , 6 , 6 ],
[ 1 , 4 , 7 , 2 ],
[ 1 , 4 , 9 , 4 ],
[ 1 , 6 , 5 , 1 ],
[ 2 , 6 , 5 , 1 ],
[ 1 , 5 , 10 , 10 ],
[ 1 , 5 , 12 , 14 ],
[ 1 , 5 , 6 , 1 ],
[ 1 , 6 , 6 , 2 ],
[ 1 , 9 , 6 , 1 ],
[ 3 , 9 , 6 , 1 ],
[ 1 , 6 , 9 , 6 ],
[ 1 , 6 , 12 , 1 ],
[ 1 , 6 , 12 , 2 ],
[ 1 , 6 , 12 , 3 ],
[ 5 , 12 , 6 , 1 ],
[ 1 , 6 , 12 , 6 ],
[ 1 , 6 , 12 , 10 ],
[ 11 , 12 , 6 , 1 ],
[ 1 , 6 , 12 , 13 ],
[ 1 , 6 , 12 , 14 ],
[ 1 , 6 , 12 , 15 ],
[ 10 , 13 , 6 , 1 ],
[ 1 , 6 , 15 , 12 ],
[ 5 , 12 , 7 , 1 ],
[ 6 , 14 , 7 , 1 ],
[ 7 , 14 , 7 , 1 ],
[ 1 , 8 , 9 , 8 ],
[ 7 , 15 , 8 , 1 ],
[ 1 , 6 , 9 , 1 ],
[ 6 , 6 , 9 , 1 ],
[ 1 , 9 , 9 , 3 ],
[ 2 , 12 , 9 , 1 ],
[ 1 , 10 , 9 , 10 ],
[ 1 , 12 , 6 , 1 ],
[ 12 , 9 , 12 , 1 ],
[ 3 , 14 , 15 , 1 ],
[ 2 , 0 , 0 , 1 ],
[ 2 , 0 , 0 , 3 ],
[ 5 , 0 , 0 , 2 ],
[ 13 , 0 , 0 , 2 ],
[ 15 , 0 , 0 , 2 ],
[ 0 , 1 , 0 , 2 ],
[ 2 , 0 , 3 , 1 ],
[ 2 , 0 , 3 , 2 ],
[ 2 , 1 , 14 , 10 ],
[ 0 , 1 , 2 , 2 ],
[ 2 , 2 , 5 , 2 ],
[ 2 , 2 , 7 , 5 ],
[ 2 , 3 , 0 , 1 ],
[ 2 , 3 , 0 , 2 ],
[ 2 , 3 , 1 , 0 ],
[ 0 , 1 , 4 , 2 ],
[ 1 , 3 , 4 , 2 ],
[ 2 , 4 , 7 , 3 ],
[ 2 , 4 , 9 , 2 ],
[ 2 , 5 , 2 , 2 ],
[ 2 , 6 , 3 , 1 ],
[ 1 , 5 , 6 , 2 ],
[ 2 , 6 , 6 , 1 ],
[ 2 , 6 , 6 , 3 ],
[ 2 , 6 , 6 , 5 ],
[ 7 , 6 , 6 , 2 ],
[ 15 , 6 , 6 , 2 ],
[ 3 , 7 , 6 , 2 ],
[ 2 , 6 , 9 , 3 ],
[ 2 , 6 , 9 , 4 ],
[ 2 , 6 , 9 , 6 ],
[ 2 , 6 , 9 , 7 ],
[ 2 , 7 , 4 , 1 ],
[ 2 , 9 , 8 , 2 ],
[ 2 , 8 , 9 , 4 ],
[ 5 , 11 , 8 , 2 ],
[ 2 , 8 , 15 , 11 ],
[ 2 , 9 , 2 , 1 ],
[ 2 , 9 , 4 , 2 ],
[ 2 , 8 , 9 , 2 ],
[ 3 , 9 , 9 , 2 ],
[ 2 , 9 , 12 , 2 ],
[ 2 , 9 , 12 , 3 ],
[ 2 , 9 , 12 , 6 ],
[ 2 , 9 , 12 , 7 ],
[ 2 , 9 , 13 , 6 ],
[ 2 , 10 , 9 , 5 ],
[ 2 , 10 , 13 , 6 ],
[ 2 , 10 , 15 , 5 ],
[ 7 , 15 , 10 , 2 ],
[ 2 , 11 , 8 , 13 ],
[ 4 , 15 , 11 , 2 ],
[ 2 , 12 , 6 , 1 ],
[ 1 , 9 , 12 , 2 ],
[ 2 , 12 , 9 , 2 ],
[ 6 , 9 , 12 , 2 ],
[ 2 , 12 , 11 , 3 ],
[ 2 , 12 , 15 , 4 ],
[ 2 , 14 , 9 , 7 ],
[ 10 , 12 , 15 , 2 ],
[ 2 , 15 , 15 , 5 ],
[ 1 , 0 , 0 , 3 ],
[ 3 , 0 , 0 , 2 ],
[ 3 , 0 , 0 , 5 ],
[ 3 , 0 , 0 , 7 ],
[ 10 , 0 , 0 , 3 ],
[ 3 , 0 , 0 , 11 ],
[ 3 , 0 , 0 , 13 ],
[ 14 , 0 , 0 , 3 ],
[ 0 , 1 , 2 , 3 ],
[ 3 , 3 , 3 , 1 ],
[ 3 , 4 , 7 , 8 ],
[ 3 , 6 , 6 , 2 ],
[ 3 , 7 , 4 , 2 ],
[ 2 , 6 , 7 , 3 ],
[ 1 , 6 , 9 , 3 ],
[ 3 , 9 , 6 , 2 ],
[ 3 , 9 , 9 , 1 ],
[ 2 , 9 , 9 , 3 ],
[ 4 , 9 , 9 , 3 ],
[ 3 , 9 , 9 , 5 ],
[ 3 , 9 , 9 , 8 ],
[ 3 , 9 , 9 , 10 ],
[ 13 , 9 , 9 , 3 ],
[ 3 , 9 , 9 , 14 ],
[ 3 , 11 , 12 , 2 ],
[ 6 , 14 , 11 , 3 ],
[ 3 , 12 , 6 , 1 ],
[ 3 , 12 , 9 , 2 ],
[ 1 , 15 , 14 , 3 ],
[ 5 , 15 , 15 , 3 ],
[ 4 , 3 , 2 , 1 ],
[ 1 , 3 , 3 , 4 ],
[ 4 , 5 , 8 , 9 ],
[ 4 , 7 , 6 , 5 ],
[ 4 , 9 , 4 , 1 ],
[ 4 , 9 , 6 , 2 ],
[ 4 , 9 , 8 , 2 ],
[ 3 , 9 , 9 , 4 ],
[ 10 , 12 , 9 , 4 ],
[ 4 , 11 , 2 , 6 ],
[ 2 , 11 , 15 , 4 ],
[ 4 , 15 , 12 , 2 ],
[ 4 , 15 , 15 , 5 ],
[ 5 , 0 , 0 , 1 ],
[ 2 , 0 , 0 , 5 ],
[ 5 , 0 , 0 , 3 ],
[ 6 , 0 , 0 , 5 ],
[ 7 , 0 , 0 , 5 ],
[ 11 , 0 , 0 , 5 ],
[ 0 , 1 , 4 , 5 ],
[ 5 , 6 , 6 , 2 ],
[ 5 , 6 , 7 , 4 ],
[ 10 , 9 , 6 , 5 ],
[ 5 , 7 , 2 , 2 ],
[ 5 , 9 , 9 , 3 ],
[ 5 , 9 , 10 , 2 ],
[ 2 , 8 , 11 , 5 ],
[ 1 , 6 , 12 , 5 ],
[ 1 , 7 , 12 , 5 ],
[ 5 , 13 , 4 , 6 ],
[ 5 , 15 , 10 , 2 ],
[ 5 , 15 , 15 , 2 ],
[ 3 , 15 , 15 , 5 ],
[ 5 , 15 , 15 , 4 ],
[ 5 , 15 , 15 , 6 ],
[ 7 , 15 , 15 , 5 ],
[ 5 , 15 , 15 , 8 ],
[ 11 , 15 , 15 , 5 ],
[ 12 , 15 , 15 , 5 ],
[ 6 , 0 , 0 , 1 ],
[ 5 , 0 , 0 , 6 ],
[ 7 , 0 , 0 , 6 ],
[ 11 , 0 , 0 , 6 ],
[ 13 , 0 , 0 , 6 ],
[ 6 , 2 , 11 , 4 ],
[ 9 , 13 , 2 , 6 ],
[ 6 , 3 , 3 , 1 ],
[ 0 , 1 , 4 , 6 ],
[ 6 , 4 , 13 , 5 ],
[ 6 , 5 , 1 , 0 ],
[ 6 , 5 , 2 , 1 ],
[ 6 , 6 , 3 , 1 ],
[ 1 , 9 , 6 , 6 ],
[ 6 , 7 , 10 , 11 ],
[ 6 , 8 , 1 , 1 ],
[ 6 , 9 , 6 , 1 ],
[ 6 , 9 , 6 , 2 ],
[ 2 , 12 , 9 , 6 ],
[ 7 , 12 , 9 , 6 ],
[ 13 , 12 , 11 , 6 ],
[ 6 , 12 , 6 , 1 ],
[ 6 , 12 , 9 , 2 ],
[ 8 , 15 , 12 , 6 ],
[ 6 , 13 , 9 , 2 ],
[ 6 , 13 , 10 , 2 ],
[ 1 , 7 , 14 , 6 ],
[ 3 , 11 , 14 , 6 ],
[ 6 , 14 , 15 , 8 ],
[ 6 , 15 , 15 , 5 ],
[ 7 , 0 , 0 , 1 ],
[ 7 , 0 , 0 , 3 ],
[ 5 , 0 , 0 , 7 ],
[ 6 , 0 , 0 , 7 ],
[ 7 , 0 , 0 , 10 ],
[ 13 , 0 , 0 , 7 ],
[ 15 , 0 , 0 , 7 ],
[ 7 , 3 , 3 , 1 ],
[ 0 , 1 , 6 , 7 ],
[ 2 , 6 , 6 , 7 ],
[ 7 , 8 , 11 , 12 ],
[ 7 , 9 , 6 , 2 ],
[ 7 , 9 , 14 , 2 ],
[ 7 , 12 , 9 , 2 ],
[ 6 , 9 , 12 , 7 ],
[ 1 , 7 , 14 , 7 ],
[ 1 , 8 , 15 , 7 ],
[ 2 , 10 , 15 , 7 ],
[ 5 , 15 , 15 , 7 ],
[ 8 , 3 , 3 , 1 ],
[ 8 , 7 , 4 , 3 ],
[ 8 , 9 , 8 , 1 ],
[ 8 , 9 , 9 , 3 ],
[ 13 , 12 , 9 , 8 ],
[ 6 , 12 , 15 , 8 ],
[ 8 , 15 , 14 , 6 ],
[ 8 , 15 , 15 , 5 ],
[ 9 , 8 , 5 , 4 ],
[ 9 , 10 , 13 , 14 ],
[ 6 , 2 , 13 , 9 ],
[ 3 , 0 , 0 , 10 ],
[ 10 , 0 , 0 , 7 ],
[ 10 , 0 , 0 , 11 ],
[ 10 , 0 , 0 , 13 ],
[ 0 , 1 , 6 , 10 ],
[ 5 , 6 , 9 , 10 ],
[ 10 , 9 , 9 , 3 ],
[ 10 , 9 , 10 , 1 ],
[ 10 , 10 , 5 , 1 ],
[ 15 , 14 , 11 , 10 ],
[ 10 , 12 , 6 , 1 ],
[ 4 , 9 , 12 , 10 ],
[ 2 , 15 , 12 , 10 ],
[ 1 , 6 , 13 , 10 ],
[ 10 , 14 , 1 , 2 ],
[ 1 , 0 , 15 , 10 ],
[ 11 , 0 , 0 , 1 ],
[ 11 , 0 , 0 , 3 ],
[ 5 , 0 , 0 , 11 ],
[ 6 , 0 , 0 , 11 ],
[ 11 , 0 , 0 , 10 ],
[ 13 , 0 , 0 , 11 ],
[ 11 , 0 , 0 , 14 ],
[ 15 , 0 , 0 , 11 ],
[ 0 , 1 , 6 , 11 ],
[ 11 , 10 , 7 , 6 ],
[ 1 , 6 , 12 , 11 ],
[ 11 , 15 , 8 , 2 ],
[ 5 , 15 , 15 , 11 ],
[ 12 , 3 , 3 , 1 ],
[ 12 , 7 , 1 , 0 ],
[ 1 , 12 , 9 , 12 ],
[ 12 , 11 , 8 , 7 ],
[ 12 , 15 , 6 , 1 ],
[ 5 , 15 , 15 , 12 ],
[ 13 , 0 , 0 , 1 ],
[ 2 , 0 , 0 , 13 ],
[ 13 , 0 , 0 , 3 ],
[ 6 , 0 , 0 , 13 ],
[ 7 , 0 , 0 , 13 ],
[ 13 , 0 , 0 , 10 ],
[ 11 , 0 , 0 , 13 ],
[ 15 , 0 , 0 , 13 ],
[ 13 , 8 , 11 , 2 ],
[ 3 , 9 , 9 , 13 ],
[ 13 , 12 , 6 , 1 ],
[ 8 , 9 , 12 , 13 ],
[ 6 , 11 , 12 , 13 ],
[ 1 , 0 , 0 , 14 ],
[ 3 , 0 , 0 , 14 ],
[ 14 , 0 , 0 , 11 ],
[ 14 , 0 , 0 , 15 ],
[ 14 , 3 , 3 , 1 ],
[ 0 , 1 , 8 , 14 ],
[ 14 , 9 , 9 , 3 ],
[ 14 , 10 , 1 , 1 ],
[ 14 , 12 , 5 , 1 ],
[ 14 , 12 , 6 , 1 ],
[ 14 , 13 , 10 , 9 ],
[ 15 , 0 , 0 , 1 ],
[ 2 , 0 , 0 , 15 ],
[ 7 , 0 , 0 , 15 ],
[ 11 , 0 , 0 , 15 ],
[ 13 , 0 , 0 , 15 ],
[ 15 , 0 , 0 , 14 ],
[ 1 , 3 , 3 , 15 ],
[ 2 , 6 , 6 , 15 ],
[ 15 , 12 , 6 , 1 ],
[ 10 , 11 , 14 , 15 ],